[[[191,191,191],
  [191,191,191],
  [192,192,192],
  ...,
  [169,169,169],
  [169,169,169],
  [169,169,169]],

 [[191,191,191],
  [191,191,191],
  [192,192,192],
  ...,
  [170,170,170],
  [170,170,170],
  [170,170,170]],

 [[191,191,191],
  [191,191,191],
  [191,191,191],
  ...,
  [170,170,170],
  [170,170,170],
  [170,170,170]],

 ...,

 [[255,255,255],
  [255,255,255],
  [255,255,255],
  ...,
  [255,255,255],
  [255,255,255],
  [255,255,255]],

 [[255,255,255],
  [255,255,255],
  [255,255,255],
  ...,
  [255,255,255],
  [255,255,255],
  [255,255,255]],

 [[255,255,255],
  [255,255,255],
  [255,255,255],
  ...,
  [255,255,255],
  [255,255,255],
  [255,255,255]]]