001000000000011100001110
011100010000000000000000
001000000000000000000001
101000000000000100000000
101100000000000000000110
111100000000000000000000
111100000000000011101010
001010100000000000101001
001010110000000000100000
001011000000010000100000
011100001011000000000000
001000010000000000000000
101000000000000100000000
101100000000000000011000
001000010000000000000000
101000000001101000000000
101100000000000000101100
011100000000000000000000
000100001100000000000000
001000000000000000000001
010110111011000000000000
010111001100000000000000
011010101010000000000000
111100000000000000001010
001000000000000000011011
011100000000000000000000
000100001100000000000000
001000000000000000000001
010111001100000000000000
001000000000000000011100
011100000000000000000000
000100001100000000000000
001000000000000000000001
010111001100000000000000
001011000000011100001110
001010110000010000100000
101000001011110000000000
101100000000000000101011
011100001011000000000000
010000000000000000000000
001000000000000000000001
010110111011000000000000
111100000000000000100100
111100000000001111000111
001000000000000000000001
011000001011000000000000
011100000000000000000000
001000010000000000011111
101000000000000100000000
101100000000000000110011
111100000000000000110101
001010100000000000101001
111100000000000000001010
011100001011000000000000
101000000000000100000000
101100000000000000111001
111100000000000000111011
001010100000000000101001
111100000000000000001010
001100001100000000000000
001000010000000000011111
011100101011000000000000
101000000010000100000000
101100000000000001000110
001000010000000000000000
000100001100000100000000
001000010000000000000001
011010111011000100000000
011011001100000100000000
111100000000000000111100
001000010000000000000001
010110111011000100000000
001111000000000000000000
001010100000000000101001
111100000000000000001010
001000010000000000000000
101000000001000000000000
110100000000000001010000
111100000000000001001111
011000000001000000000000
110000001101000000000000
001000100000000000000110
010100000000001000000000
001000100000000000000001
100100000010000000000000
001000100000000000000010
100100100001001000000000
010100100010000100000000
010100100010000100000000
100100000000001000000000
110000001101000000000000
010100000011010100000000
010100010100011000000000
001111011111000000000000
111100000000000001010001
100011001100000000000000
011000000011010100000000
010100010100011000000000
001111011111000000000000
111100000000000001010001
100011001100000000000000
010100000011010100000000
011000010100011000000000
001111011111000000000000
111100000000000001010001
100011001100000000000000
011000000011010100000000
011000010100011000000000
001111011111000000000000
111100000000000001010001
100011001100000000000000
010100000011011000000000
010100010100010100000000
001111011111000000000000
111100000000000001010001
100011001100000000000000
011000000011011000000000
010100010100010100000000
001111011111000000000000
111100000000000001010001
100011001100000000000000
010100000011011000000000
011000010100010100000000
001111011111000000000000
111100000000000001010001
100011001100000000000000
011000000011011000000000
011000010100010100000000
001111011111000000000000
111100000000000001010001
100011001100000000000000
110000001010000000000000
001001010000000000000000
001101100111000000000000
001000000000000000000001
100100000111000000000000
001000010000000000000011
011010000001000000000000
001110101111000000000000
111100000000000001011011
101000000110010100000000
110100000000000010100101
001000000000000000000001
010101010101000000000000
001000000000000000000000
101000000000100000000000
110100000000000010010100
111100000000000010011101
001000000000000000000001
011001100110000000000000
001000000000000000001010
010110001000000000000000
011000000101011000000000
001000010000000000000010
100100000000000100000000
010110001000000000000000
111100000000000010100010
001000000000000000000110
010110001000000000000000
001000000000000000000010
100100000101000000000000
010110001000000000000000
001110101111000000000000
111100000000000001011011
111100000000000010001100
110000001110000000000000
011010101000011000000000
001100001010000000000000
001111011111000000000000
111100000000000001001011
001110100000000000000000
011000001001011100000000
001111011111000000000000
111100000000000001001011
101000000000101000000000
110100000000000010110001
111100000000000010110011
001010100000000000000001
111100000000000010110100
001010100000000000000000
001000000000000000000000
101000001010000000000000
101100000000000010111000
111100000000000010111110
001100000110000000000000
001101100111000000000000
001101110000000000000000
001100001000000000000000
001110001001000000000000
001110010000000000000000
011001001000011000000000
011010011001011100000000
001001010000000000000001
001000000000000000000000
101000001001000000000000
110100000000000011000101
111100000000000011001000
001000010000000000000001
011001010000000100000000
011010010000100100000000
011001001001010000000000
010100111001010000000000
001101110111000000000000
001101100110000000000000
101000001000011000000000
110100000000000011101001
001000010000000000000001
101000001010000100000000
101100000000000011010010
111100000000000011010111
001100000110000000000000
001100010111000000000000
001111011111000000000000
111100000000000001010001
111100000000000011011011
001100000111000000000000
001100010110000000000000
001111011111000000000000
111100000000000001010001
100011001100000000000000
001000000000000000000000
101000000000001100000000
110100000000000011100000
111100000000000011100100
010101110111010100000000
010100110011010000000000
010100110011010000000000
111100000000000011100110
010100110011100100000000
010100110011100100000000
001000000000000000000001
010101100110000000000000
111100000000000011001100
110000001110000000000000
001010110000000000000001
001011000000000000000000
001001100000000000000000
001001110000000000000000
001010000000000000000100
001010010000000000000000
001111101111000000000000
111100000000000010100110
001001100000000000000000
001001110000000000000011
001010000000000000000100
001010010000000000000011
001111101111000000000000
111100000000000010100110
001001100000000000000000
001001110000000000000000
001010000000000000000000
001010010000000000000100
001111101111000000000000
111100000000000010100110
001001100000000000000100
001001110000000000000000
001010000000000000000100
001010010000000000000100
001111101111000000000000
111100000000000010100110
000100001011110000000000
001000000000000000000001
010110111011000000000000
001011000000000000000000
001001100000000000000000
001001110000000000000000
001010000000000000000011
001010010000000000000000
001111101111000000000000
111100000000000010100110
001001100000000000000000
001001110000000000000010
001010000000000000000100
001010010000000000000010
001111101111000000000000
111100000000000010100110
001001100000000000000000
001001110000000000000100
001010000000000000000100
001010010000000000000100
001111101111000000000000
111100000000000010100110
001001100000000000000000
001001110000000000000000
001010000000000000000000
001010010000000000000100
001111101111000000000000
111100000000000010100110
001001100000000000000011
001001110000000000000000
001010000000000000000011
001010010000000000000010
001111101111000000000000
111100000000000010100110
001001100000000000000100
001001110000000000000010
001010000000000000000100
001010010000000000000100
001111101111000000000000
111100000000000010100110
000100001011110000000000
001000000000000000000001
010110111011000000000000
001011000000000000000000
001001100000000000000000
001001110000000000000000
001010000000000000000100
001010010000000000000000
001111101111000000000000
111100000000000010100110
001001100000000000000000
001001110000000000000100
001010000000000000000100
001010010000000000000100
001111101111000000000000
111100000000000010100110
001001100000000000000000
001001110000000000000000
001010000000000000000000
001010010000000000000100
001111101111000000000000
111100000000000010100110
000100001011110000000000
001000000000000000000001
010110111011000000000000
001011000000000000000000
001001100000000000000000
001001110000000000000000
001010000000000000000000
001010010000000000000100
001111101111000000000000
111100000000000010100110
001001100000000000000100
001001110000000000000001
001010000000000000000100
001010010000000000000011
001111101111000000000000
111100000000000010100110
001001100000000000000000
001001110000000000000000
001010000000000000000100
001010010000000000000001
001111101111000000000000
111100000000000010100110
001001100000000000000000
001001110000000000000100
001010000000000000000100
001010010000000000000011
001111101111000000000000
111100000000000010100110
000100001011110000000000
001000000000000000000001
010110111011000000000000
001011000000000000000000
001001100000000000000000
001001110000000000000000
001010000000000000000100
001010010000000000000000
001111101111000000000000
111100000000000010100110
001001100000000000000000
001001110000000000000010
001010000000000000000100
001010010000000000000010
001111101111000000000000
111100000000000010100110
001001100000000000000000
001001110000000000000100
001010000000000000000100
001010010000000000000100
001111101111000000000000
111100000000000010100110
001001100000000000000000
001001110000000000000000
001010000000000000000000
001010010000000000000100
001111101111000000000000
111100000000000010100110
000100001011110000000000
001000000000000000000001
010110111011000000000000
001011000000000000000000
001001100000000000000000
001001110000000000000000
001010000000000000000100
001010010000000000000000
001111101111000000000000
111100000000000010100110
001001100000000000000000
001001110000000000000010
001010000000000000000100
001010010000000000000010
001111101111000000000000
111100000000000010100110
001001100000000000000000
001001110000000000000000
001010000000000000000000
001010010000000000000100
001111101111000000000000
111100000000000010100110
000100001011110000000000
001000000000000000000001
010110111011000000000000
001011000000000000000000
001001100000000000000000
001001110000000000000000
001010000000000000000100
001010010000000000000000
001111101111000000000000
111100000000000010100110
001001100000000000000010
001001110000000000000010
001010000000000000000100
001010010000000000000010
001111101111000000000000
111100000000000010100110
001001100000000000000000
001001110000000000000100
001010000000000000000100
001010010000000000000100
001111101111000000000000
111100000000000010100110
001001100000000000000000
001001110000000000000000
001010000000000000000000
001010010000000000000100
001111101111000000000000
111100000000000010100110
001001100000000000000100
001001110000000000000010
001010000000000000000100
001010010000000000000100
001111101111000000000000
111100000000000010100110
000100001011110000000000
001000000000000000000001
010110111011000000000000
001011000000000000000000
001001100000000000000000
001001110000000000000010
001010000000000000000100
001010010000000000000010
001111101111000000000000
111100000000000010100110
001001100000000000000000
001001110000000000000000
001010000000000000000000
001010010000000000000100
001111101111000000000000
111100000000000010100110
001001100000000000000100
001001110000000000000000
001010000000000000000100
001010010000000000000100
001111101111000000000000
111100000000000010100110
000100001011110000000000
001000000000000000000001
010110111011000000000000
001011000000000000000000
001001100000000000000000
001001110000000000000000
001010000000000000000100
001010010000000000000000
001111101111000000000000
111100000000000010100110
001001100000000000000000
001001110000000000000100
001010000000000000000100
001010010000000000000100
001111101111000000000000
111100000000000010100110
001001100000000000000010
001001110000000000000000
001010000000000000000010
001010010000000000000100
001111101111000000000000
111100000000000010100110
000100001011110000000000
001000000000000000000001
010110111011000000000000
001011000000000000000000
001001100000000000000001
001001110000000000000000
001010000000000000000100
001010010000000000000000
001111101111000000000000
111100000000000010100110
001001100000000000000010
001001110000000000000000
001010000000000000000010
001010010000000000000100
001111101111000000000000
111100000000000010100110
001001100000000000000000
001001110000000000000100
001010000000000000000010
001010010000000000000100
001111101111000000000000
111100000000000010100110
000100001011110000000000
001000000000000000000001
010110111011000000000000
001011000000000000000000
001001100000000000000000
001001110000000000000000
001010000000000000000000
001010010000000000000100
001111101111000000000000
111100000000000010100110
001001100000000000000001
001001110000000000000010
001010000000000000000100
001010010000000000000000
001111101111000000000000
111100000000000010100110
001001100000000000000001
001001110000000000000010
001010000000000000000100
001010010000000000000100
001111101111000000000000
111100000000000010100110
000100001011110000000000
001000000000000000000001
010110111011000000000000
001011000000000000000000
001001100000000000000000
001001110000000000000000
001010000000000000000000
001010010000000000000100
001111101111000000000000
111100000000000010100110
001001100000000000000000
001001110000000000000100
001010000000000000000100
001010010000000000000100
001111101111000000000000
111100000000000010100110
000100001011110000000000
001000000000000000000001
010110111011000000000000
001011000000000000000000
001001100000000000000000
001001110000000000000000
001010000000000000000000
001010010000000000000100
001111101111000000000000
111100000000000010100110
001001100000000000000100
001001110000000000000000
001010000000000000000100
001010010000000000000100
001111101111000000000000
111100000000000010100110
001001100000000000000000
001001110000000000000000
001010000000000000000010
001010010000000000000011
001111101111000000000000
111100000000000010100110
001001100000000000000100
001001110000000000000000
001010000000000000000010
001010010000000000000011
001111101111000000000000
111100000000000010100110
000100001011110000000000
001000000000000000000001
010110111011000000000000
001011000000000000000000
001001100000000000000000
001001110000000000000000
001010000000000000000000
001010010000000000000100
001111101111000000000000
111100000000000010100110
001001100000000000000100
001001110000000000000000
001010000000000000000100
001010010000000000000100
001111101111000000000000
111100000000000010100110
001001100000000000000000
001001110000000000000000
001010000000000000000100
001010010000000000000100
001111101111000000000000
111100000000000010100110
000100001011110000000000
001000000000000000000001
010110111011000000000000
001011000000000000000000
001001100000000000000000
001001110000000000000001
001010000000000000000000
001010010000000000000011
001111101111000000000000
111100000000000010100110
001001100000000000000001
001001110000000000000000
001010000000000000000011
001010010000000000000000
001111101111000000000000
111100000000000010100110
001001100000000000000001
001001110000000000000100
001010000000000000000011
001010010000000000000100
001111101111000000000000
111100000000000010100110
001001100000000000000100
001001110000000000000001
001010000000000000000100
001010010000000000000011
001111101111000000000000
111100000000000010100110
000100001011110000000000
001000000000000000000001
010110111011000000000000
001011000000000000000000
001001100000000000000000
001001110000000000000000
001010000000000000000000
001010010000000000000100
001111101111000000000000
111100000000000010100110
001001100000000000000001
001001110000000000000000
001010000000000000000100
001010010000000000000000
001111101111000000000000
111100000000000010100110
001001100000000000000001
001001110000000000000011
001010000000000000000100
001010010000000000000011
001111101111000000000000
111100000000000010100110
001001100000000000000100
001001110000000000000000
001010000000000000000100
001010010000000000000011
001111101111000000000000
111100000000000010100110
000100001011110000000000
001000000000000000000001
010110111011000000000000
001011000000000000000000
001001100000000000000000
001001110000000000000001
001010000000000000000000
001010010000000000000011
001111101111000000000000
111100000000000010100110
001001100000000000000001
001001110000000000000000
001010000000000000000011
001010010000000000000000
001111101111000000000000
111100000000000010100110
001001100000000000000001
001001110000000000000100
001010000000000000000011
001010010000000000000100
001111101111000000000000
111100000000000010100110
001001100000000000000100
001001110000000000000001
001010000000000000000100
001010010000000000000011
001111101111000000000000
111100000000000010100110
001001100000000000000011
001001110000000000000011
001010000000000000000100
001010010000000000000100
001111101111000000000000
111100000000000010100110
000100001011110000000000
001000000000000000000001
010110111011000000000000
001011000000000000000000
001001100000000000000000
001001110000000000000000
001010000000000000000000
001010010000000000000100
001111101111000000000000
111100000000000010100110
001001100000000000000011
001001110000000000000000
001010000000000000000011
001010010000000000000011
001111101111000000000000
111100000000000010100110
001001100000000000000000
001001110000000000000000
001010000000000000000011
001010010000000000000000
001111101111000000000000
111100000000000010100110
001001100000000000000000
001001110000000000000011
001010000000000000000100
001010010000000000000011
001111101111000000000000
111100000000000010100110
001001100000000000000100
001001110000000000000011
001010000000000000000100
001010010000000000000100
001111101111000000000000
111100000000000010100110
000100001011110000000000
001000000000000000000001
010110111011000000000000
001011000000000000000000
001001100000000000000000
001001110000000000000000
001010000000000000000000
001010010000000000000010
001111101111000000000000
111100000000000010100110
001001100000000000000100
001001110000000000000010
001010000000000000000100
001010010000000000000100
001111101111000000000000
111100000000000010100110
001001100000000000000000
001001110000000000000000
001010000000000000000100
001010010000000000000000
001111101111000000000000
111100000000000010100110
001001100000000000000000
001001110000000000000100
001010000000000000000100
001010010000000000000100
001111101111000000000000
111100000000000010100110
001001100000000000000000
001001110000000000000010
001010000000000000000100
001010010000000000000010
001111101111000000000000
111100000000000010100110
000100001011110000000000
001000000000000000000001
010110111011000000000000
001011000000000000000000
001001100000000000000000
001001110000000000000000
001010000000000000000100
001010010000000000000000
001111101111000000000000
111100000000000010100110
001001100000000000000010
001001110000000000000000
001010000000000000000010
001010010000000000000100
001111101111000000000000
111100000000000010100110
000100001011110000000000
001000000000000000000001
010110111011000000000000
001011000000000000000000
001001100000000000000000
001001110000000000000000
001010000000000000000000
001010010000000000000100
001111101111000000000000
111100000000000010100110
001001100000000000000100
001001110000000000000000
001010000000000000000100
001010010000000000000100
001111101111000000000000
111100000000000010100110
001001100000000000000000
001001110000000000000100
001010000000000000000100
001010010000000000000100
001111101111000000000000
111100000000000010100110
000100001011110000000000
001000000000000000000001
010110111011000000000000
001011000000000000000000
001001100000000000000000
001001110000000000000000
001010000000000000000010
001010010000000000000100
001111101111000000000000
111100000000000010100110
001001100000000000000100
001001110000000000000000
001010000000000000000010
001010010000000000000100
001111101111000000000000
111100000000000010100110
000100001011110000000000
001000000000000000000001
010110111011000000000000
001011000000000000000000
001001100000000000000000
001001110000000000000000
001010000000000000000000
001010010000000000000100
001111101111000000000000
111100000000000010100110
001001100000000000000010
001001110000000000000000
001010000000000000000010
001010010000000000000100
001111101111000000000000
111100000000000010100110
001001100000000000000100
001001110000000000000000
001010000000000000000100
001010010000000000000100
001111101111000000000000
111100000000000010100110
001001100000000000000000
001001110000000000000100
001010000000000000000100
001010010000000000000100
001111101111000000000000
111100000000000010100110
000100001011110000000000
001000000000000000000001
010110111011000000000000
001011000000000000000000
001001100000000000000000
001001110000000000000000
001010000000000000000100
001010010000000000000100
001111101111000000000000
111100000000000010100110
001001100000000000000100
001001110000000000000000
001010000000000000000000
001010010000000000000100
001111101111000000000000
111100000000000010100110
000100001011110000000000
001000000000000000000001
010110111011000000000000
001011000000000000000000
001001100000000000000000
001001110000000000000000
001010000000000000000010
001010010000000000000010
001111101111000000000000
111100000000000010100110
001001100000000000000100
001001110000000000000000
001010000000000000000010
001010010000000000000010
001111101111000000000000
111100000000000010100110
001001100000000000000010
001001110000000000000011
001010000000000000000010
001010010000000000000100
001111101111000000000000
111100000000000010100110
000100001011110000000000
001000000000000000000001
010110111011000000000000
001011000000000000000000
001001100000000000000000
001001110000000000000000
001010000000000000000100
001010010000000000000000
001111101111000000000000
111100000000000010100110
001001100000000000000100
001001110000000000000000
001010000000000000000000
001010010000000000000100
001111101111000000000000
111100000000000010100110
001001100000000000000000
001001110000000000000100
001010000000000000000100
001010010000000000000100
001111101111000000000000
111100000000000010100110
000100001011110000000000
001000000000000000000001
010110111011000000000000
001011000000000000000000
001000110000000000000010
001001000000000000000010
001001110000000000000010
001111101111000000000000
111100000000000010000100
000100001011110000000000
001000000000000000000001
010110111011000000000000
001011000000000000000000
001001100000000000000010
001001110000000000000000
001010000000000000000010
001010010000000000000001
001111101111000000000000
111100000000000010100110
001001100000000000000010
001001110000000000000011
001010000000000000000010
001010010000000000000100
001111101111000000000000
111100000000000010100110
001001100000000000000000
001001110000000000000010
001010000000000000000001
001010010000000000000010
001111101111000000000000
111100000000000010100110
001001100000000000000011
001001110000000000000010
001010000000000000000100
001010010000000000000010
001111101111000000000000
111100000000000010100110
001001100000000000000000
001001110000000000000010
001010000000000000000000
001010010000000000000100
001111101111000000000000
111100000000000010100110
000100001011110000000000
001000000000000000000001
010110111011000000000000
001011000000000000000000
001001100000000000000001
001001110000000000000010
001010000000000000000000
001010010000000000000100
001111101111000000000000
111100000000000010100110
000100001011110000000000
001000000000000000000001
010110111011000000000000
001011000000000000000000
001001100000000000000000
001001110000000000000011
001010000000000000000000
001010010000000000000100
001111101111000000000000
111100000000000010100110
001001100000000000000001
001001110000000000000011
001010000000000000000001
001010010000000000000100
001111101111000000000000
111100000000000010100110
000100001011110000000000
001000000000000000000001
010110111011000000000000
001011000000000000000000
001011000000000000000000
000100001011110000000000
001000000000000000000001
010110111011000000000000
001011000000000000000000
111100000000000000000111
000000000000000000000000