0001000100100010
0000001110010000
0001000111111110
0001001100010111
0000111000011100
0001011010110000
0000100101100000
0000111000011100
0001000111111110
0001000010000011
0000111000011100
0001000111111110
0000101001011001
0000111000011100
0000100011001101
0000100100001100
0001011010110000
0001000111111110
0001000010000011
0000001000110110
0000101101100001
0000001000110110
0001000010000011
0000111000011100
0001000111111110
0000010101011000
0000100100001100
0001000111111110
0000110011100100
0000111010010110
0001001100010111
0000001000100000
0000100101100000
0000111000011100
0000111010010110
0000100100001100
0001000111111110
0000111000011100
0000001000100000
0000100101100000
0000111010010110
0000111000011100
0001000111111110
0000101110011110
0000111000011100
0000100011001101
0000001000110110
0001010000010110
0001001100010111
0001000111111110
0000110001101110
0001000111111110
0000101011110100
0000010010010010
0000111000011100
0000101101100001
0001001100010111
0001000111111110
0000101110011110
0000101111011011
0000101001000110
0000100011001101
0000001000110110
0001010000010110
0001001100010111
0000010010011111
0001000111111110
0001010010111000
0001011010110000
0001000111111110
0000011010111111
0000010010010010
0000110001101110
0001000111111110
0001000001111111
0000111000011100
0000010101011000
0000010101011000
0000100100001100
0001000111111110
0000111100010110
0000111000011100
0000111010010110
0001001100010111
0001000111111110
0000100100001100
0001011010110000
0000111100010110
0000111000011100
0000111010010110
0000100100001100
0000100111101110
0001000111111110
0000010101011000
0000010101011000
0000111000011100
0000001000100000
0000100100001100
0001000111111110
0001000010000011
0000011001011111
0001011101001011