01000001
01000001
01000001
01000001
01000001
01000001
01000010
01000010
01000010
01000010
01000010
01000010
01000011
01000011
01000011
01000011
01000011
01000011
01000100
01000100
01000100
01000100
01000100
01000100
01000101
01000101
01000101
01000101
01000101
01000101
01000110
01000110
01000110
01000110
01000110
01000110
01000111
01000111
01000111
01000111
01000111
01000111
01001000
01001000
01001000
01001000
01001000
01001000
01001001
01001001
01001001
01001001
01001001
01001001
01001010
01001010
01001010
01001010
01001010
01001010
01001011
01001011
01001011
01001011
01001011
01001011
01001100
01001100
01001100
01001100
01001100
01001100
01001101
01001101
01001101
01001101
01001101
01001101
01001110
01001110
01001110
01001110
01001110
01001110
01001111
01001111
01001111
01001111
01001111
01001111
01010000
01010000
01010000
01010000
01010000
01010000
01010001
01010001
01010001
01010001