001000000000000011001010
011100010000000000000000
001000000000000000000001
101000000000000100000000
101100000000000000000110
111100000000000000000000
001010110000000000000000
001011000000000001100110
001010100000000001100100
001010010000000000000000
001010000000000001100100
011110001000000000000000
001001110000000001100101
011101110111000000000000
011100001011000000000000
001111011000000000000000
001000010000000000000001
011000000000011100000000
001000100000000000000000
101000000000001000000000
101100000000000000100100
001000100000000000000000
101000001101001000000000
101100000000000000101101
001100111101000000000000
001000100000000000000001
100000110010001100000000
101000000011001000000000
101100000000000000100001
100111011101001000000000
111000000000000000000000
011000000000011100000000
111100000000000000010101
111000010001000000000000
011000010001011100000000
111100000000000000011101
001000000000000000000000
001000100000000000000001
000100001100000000000000
010110011001001000000000
010110111011001000000000
010111001100001000000000
101000001001101000000000
101100000000000000110101
111100000000000000001110
000100001100000100000000
001000100000000000000001
010110011001001000000000
010110111011001000000000
010111001100001000000000
101000001001101000000000
101100000000000000110101
111100000000000000001110
001011000000000011001010
001010110000000001100110
101000001011110000000000
101100000000000000111110
011100001011000000000000
010000000000000000000000
001000000000000000000001
010110111011000000000000
111100000000000000110111
000000000000000000000000